36
00
00
00
00
00
00
00
72
00
00
00
00
00
00
00
f1
00
00
00
00
00
00
00
e3
00
00
00
00
00
00
00
51
00
00
00
00
00
00
00
37
00
00
00
00
00
00
00
c9
00
00
00
00
00
00
00
4b
00
00
00
00
00
00
00
26
00
00
00
00
00
00
00
72
00
00
00
00
00
00
00
f2
00
00
00
00
00
00
00
ea
00
00
00
00
00
00
00
6a
00
00
00
00
00
00
00
78
00
00
00
00
00
00
00
92
00
00
00
00
00
00
00
3f
00
00
00
00
00
00
00
8d
00
00
00
00
00
00
00
d1
00
00
00
00
00
00
00
27
00
00
00
00
00
00
00
33
00
00
00
00
00
00
00
50
00
00
00
00
00
00
00
f2
00
00
00
00
00
00
00
9c
00
00
00
00
00
00
00
e8
00
00
00
00
00
00
00
06
00
00
00
00
00
00
00
03
00
00
00
00
00
00
00
f9
00
00
00
00
00
00
00
7b
00
00
00
00
00
00
00
c7
00
00
00
00
00
00
00
d6
00
00
00
00
00
00
00
04
00
00
00
00
00
00
00
54
00
00
00
00
00
00
00
65
00
00
00
00
00
00
00
ab
00
00
00
00
00
00
00
51
00
00
00
00
00
00
00
6d
00
00
00
00
00
00
00
