35
00
00
00
00
00
00
00
e1
00
00
00
00
00
00
00
08
00
00
00
00
00
00
00
20
00
00
00
00
00
00
00
04
00
00
00
00
00
00
00
64
00
00
00
00
00
00
00
f0
00
00
00
00
00
00
00
e3
00
00
00
00
00
00
00
12
00
00
00
00
00
00
00
04
00
00
00
00
00
00
00
8e
00
00
00
00
00
00
00
63
00
00
00
00
00
00
00
c2
00
00
00
00
00
00
00
c0
00
00
00
00
00
00
00
91
00
00
00
00
00
00
00
09
00
00
00
00
00
00
00
82
00
00
00
00
00
00
00
64
00
00
00
00
00
00
00
5b
00
00
00
00
00
00
00
68
00
00
00
00
00
00
00
9a
00
00
00
00
00
00
00
c2
00
00
00
00
00
00
00
04
00
00
00
00
00
00
00
3a
00
00
00
00
00
00
00
ea
00
00
00
00
00
00
00
d6
00
00
00
00
00
00
00
ca
00
00
00
00
00
00
00
9a
00
00
00
00
00
00
00
c8
00
00
00
00
00
00
00
4a
00
00
00
00
00
00
00
30
00
00
00
00
00
00
00
81
00
00
00
00
00
00
00
93
00
00
00
00
00
00
00
90
00
00
00
00
00
00
00
c1
00
00
00
00
00
00
00
5e
00
00
00
00
00
00
00
dd
00
00
00
00
00
00
00
81
00
00
00
00
00
00
00
f2
00
00
00
00
00
00
00
83
00
00
00
00
00
00
00
15
00
00
00
00
00
00
00
d8
00
00
00
00
00
00
00
89
00
00
00
00
00
00
00
47
00
00
00
00
00
00
00
03
00
00
00
00
00
00
00
3e
00
00
00
00
00
00
00
69
00
00
00
00
00
00
00
e7
00
00
00
00
00
00
00
8f
00
00
00
00
00
00
00
25
00
00
00
00
00
00
00
09
00
00
00
00
00
00
00
0f
00
00
00
00
00
00
00
b4
00
00
00
00
00
00
00
ac
00
00
00
00
00
00
00
ac
00
00
00
00
00
00
00
80
00
00
00
00
00
00
00
40
00
00
00
00
00
00
00
2a
00
00
00
00
00
00
00
7a
00
00
00
00
00
00
00
11
00
00
00
00
00
00
00
d8
00
00
00
00
00
00
00
a6
00
00
00
00
00
00
00
8a
00
00
00
00
00
00
00
38
00
00
00
00
00
00
00
