a5
00
00
00
00
00
00
00
dd
00
00
00
00
00
00
00
c5
00
00
00
00
00
00
00
a5
00
00
00
00
00
00
00
8e
00
00
00
00
00
00
00
c1
00
00
00
00
00
00
00
e7
00
00
00
00
00
00
00
ec
00
00
00
00
00
00
00
4e
00
00
00
00
00
00
00
a7
00
00
00
00
00
00
00
05
00
00
00
00
00
00
00
d9
00
00
00
00
00
00
00
20
00
00
00
00
00
00
00
23
00
00
00
00
00
00
00
2a
00
00
00
00
00
00
00
07
00
00
00
00
00
00
00
49
00
00
00
00
00
00
00
7c
00
00
00
00
00
00
00
26
00
00
00
00
00
00
00
75
00
00
00
00
00
00
00
d7
00
00
00
00
00
00
00
85
00
00
00
00
00
00
00
4b
00
00
00
00
00
00
00
b1
00
00
00
00
00
00
00
8d
00
00
00
00
00
00
00
