57
00
00
00
00
00
00
00
90
00
00
00
00
00
00
00
95
00
00
00
00
00
00
00
d4
00
00
00
00
00
00
00
93
00
00
00
00
00
00
00
a0
00
00
00
00
00
00
00
cb
00
00
00
00
00
00
00
a8
00
00
00
00
00
00
00
9a
00
00
00
00
00
00
00
de
00
00
00
00
00
00
00
da
00
00
00
00
00
00
00
4c
00
00
00
00
00
00
00
6d
00
00
00
00
00
00
00
db
00
00
00
00
00
00
00
17
00
00
00
00
00
00
00
02
00
00
00
00
00
00
00
a0
00
00
00
00
00
00
00
8e
00
00
00
00
00
00
00
59
00
00
00
00
00
00
00
9d
00
00
00
00
00
00
00
a7
00
00
00
00
00
00
00
ff
00
00
00
00
00
00
00
fa
00
00
00
00
00
00
00
8c
00
00
00
00
00
00
00
4e
00
00
00
00
00
00
00
a0
00
00
00
00
00
00
00
1e
00
00
00
00
00
00
00
54
00
00
00
00
00
00
00
69
00
00
00
00
00
00
00
69
00
00
00
00
00
00
00
af
00
00
00
00
00
00
00
57
00
00
00
00
00
00
00
d0
00
00
00
00
00
00
00
db
00
00
00
00
00
00
00
b8
00
00
00
00
00
00
00
2a
00
00
00
00
00
00
00
