29
00
00
00
00
00
00
00
2a
00
00
00
00
00
00
00
c9
00
00
00
00
00
00
00
1e
00
00
00
00
00
00
00
11
00
00
00
00
00
00
00
20
00
00
00
00
00
00
00
44
00
00
00
00
00
00
00
04
00
00
00
00
00
00
00
95
00
00
00
00
00
00
00
bc
00
00
00
00
00
00
00
e7
00
00
00
00
00
00
00
4b
00
00
00
00
00
00
00
7d
00
00
00
00
00
00
00
05
00
00
00
00
00
00
00
e4
00
00
00
00
00
00
00
fe
00
00
00
00
00
00
00
e3
00
00
00
00
00
00
00
0b
00
00
00
00
00
00
00
a1
00
00
00
00
00
00
00
97
00
00
00
00
00
00
00
5d
00
00
00
00
00
00
00
a7
00
00
00
00
00
00
00
70
00
00
00
00
00
00
00
80
00
00
00
00
00
00
00
dc
00
00
00
00
00
00
00
6d
00
00
00
00
00
00
00
7b
00
00
00
00
00
00
00
3c
00
00
00
00
00
00
00
5c
00
00
00
00
00
00
00
77
00
00
00
00
00
00
00
bc
00
00
00
00
00
00
00
8b
00
00
00
00
00
00
00
ed
00
00
00
00
00
00
00
a3
00
00
00
00
00
00
00
77
00
00
00
00
00
00
00
5d
00
00
00
00
00
00
00
79
00
00
00
00
00
00
00
08
00
00
00
00
00
00
00
80
00
00
00
00
00
00
00
3c
00
00
00
00
00
00
00
84
00
00
00
00
00
00
00
25
00
00
00
00
00
00
00
56
00
00
00
00
00
00
00
42
00
00
00
00
00
00
00
78
00
00
00
00
00
00
00
92
00
00
00
00
00
00
00
17
00
00
00
00
00
00
00
ec
00
00
00
00
00
00
00
74
00
00
00
00
00
00
00
0e
00
00
00
00
00
00
00
33
00
00
00
00
00
00
00
d5
00
00
00
00
00
00
00
57
00
00
00
00
00
00
00
c3
00
00
00
00
00
00
00
c6
00
00
00
00
00
00
00
d4
00
00
00
00
00
00
00
fd
00
00
00
00
00
00
00
5e
00
00
00
00
00
00
00
e3
00
00
00
00
00
00
00
67
00
00
00
00
00
00
00
9c
00
00
00
00
00
00
00
f9
00
00
00
00
00
00
00
29
00
00
00
00
00
00
00
f2
00
00
00
00
00
00
00
