bd
00
00
00
00
00
00
00
4f
00
00
00
00
00
00
00
d0
00
00
00
00
00
00
00
e6
00
00
00
00
00
00
00
16
00
00
00
00
00
00
00
a3
00
00
00
00
00
00
00
dd
00
00
00
00
00
00
00
23
00
00
00
00
00
00
00
09
00
00
00
00
00
00
00
cc
00
00
00
00
00
00
00
43
00
00
00
00
00
00
00
0e
00
00
00
00
00
00
00
45
00
00
00
00
00
00
00
bf
00
00
00
00
00
00
00
a5
00
00
00
00
00
00
00
44
00
00
00
00
00
00
00
90
00
00
00
00
00
00
00
4e
00
00
00
00
00
00
00
37
00
00
00
00
00
00
00
38
00
00
00
00
00
00
00
2e
00
00
00
00
00
00
00
34
00
00
00
00
00
00
00
fe
00
00
00
00
00
00
00
c3
00
00
00
00
00
00
00
c0
00
00
00
00
00
00
00
49
00
00
00
00
00
00
00
03
00
00
00
00
00
00
00
c1
00
00
00
00
00
00
00
4e
00
00
00
00
00
00
00
71
00
00
00
00
00
00
00
73
00
00
00
00
00
00
00
f5
00
00
00
00
00
00
00
ba
00
00
00
00
00
00
00
7a
00
00
00
00
00
00
00
5a
00
00
00
00
00
00
00
81
00
00
00
00
00
00
00
71
00
00
00
00
00
00
00
58
00
00
00
00
00
00
00
80
00
00
00
00
00
00
00
5f
00
00
00
00
00
00
00
50
00
00
00
00
00
00
00
1a
00
00
00
00
00
00
00
f5
00
00
00
00
00
00
00
18
00
00
00
00
00
00
00
f7
00
00
00
00
00
00
00
eb
00
00
00
00
00
00
00
b1
00
00
00
00
00
00
00
2e
00
00
00
00
00
00
00
a0
00
00
00
00
00
00
00
5a
00
00
00
00
00
00
00
1e
00
00
00
00
00
00
00
da
00
00
00
00
00
00
00
7d
00
00
00
00
00
00
00
51
00
00
00
00
00
00
00
d0
00
00
00
00
00
00
00
5a
00
00
00
00
00
00
00
21
00
00
00
00
00
00
00
47
00
00
00
00
00
00
00
51
00
00
00
00
00
00
00
cd
00
00
00
00
00
00
00
6d
00
00
00
00
00
00
00
f7
00
00
00
00
00
00
00
f0
00
00
00
00
00
00
00
5d
00
00
00
00
00
00
00
